# Radiation correction v2.3. Params: lat=41.4652, lon=1.9363, utc_time=2021-07-13 18:09
Height (m AGL), Pressure (mb), Temperature (C), Relative humidity (%), Wind speed (m/s), Wind direction (true deg)
20, 985.92, 26.80, 37.0, 4.20, 126.6
40, 983.70, 26.49, 37.8, 5.05, 119.5
60, 981.48, 26.34, 38.1, 5.70, 115.8
80, 979.26, 26.17, 38.1, 6.50, 112.3
100, 977.05, 25.96, 38.4, 7.10, 108.4
120, 974.84, 25.73, 38.5, 7.66, 105.0
140, 972.63, 25.27, 37.8, 7.90, 107.1
160, 970.43, 24.88, 37.6, 7.82, 106.2
180, 968.23, 24.61, 37.6, 7.69, 105.4
200, 966.02, 24.28, 38.0, 7.55, 104.4
220, 963.83, 24.14, 38.5, 7.39, 107.5
240, 961.63, 24.07, 38.7, 7.15, 108.0
260, 959.44, 23.96, 38.4, 6.87, 106.4
280, 957.26, 23.90, 38.0, 6.40, 101.4
300, 955.08, 24.10, 38.3, 5.59, 98.2
320, 952.91, 24.45, 38.6, 4.98, 99.6
340, 950.75, 24.37, 37.8, 4.81, 106.9
360, 948.58, 23.87, 37.3, 5.08, 111.8
380, 946.42, 23.27, 37.5, 5.47, 112.0
400, 944.26, 22.83, 38.3, 5.85, 110.4
420, 942.10, 22.51, 39.4, 6.02, 104.9
440, 939.94, 22.27, 40.4, 6.20, 103.7
460, 937.79, 22.02, 41.3, 6.25, 105.1
480, 935.64, 21.74, 41.9, 6.18, 106.1
500, 933.49, 21.48, 42.7, 5.91, 105.5
520, 931.35, 21.27, 43.3, 5.62, 104.4
540, 929.21, 21.04, 44.0, 5.36, 98.9
560, 927.07, 20.85, 44.5, 4.99, 93.0
580, 924.94, 20.75, 45.2, 4.81, 87.4
600, 922.81, 20.74, 45.8, 4.72, 79.2
620, 920.68, 20.73, 45.9, 4.78, 79.0
640, 918.57, 20.63, 46.0, 4.79, 78.3
660, 916.45, 20.42, 46.1, 4.99, 73.1
680, 914.34, 20.15, 46.6, 5.22, 73.6
700, 912.23, 19.88, 47.1, 5.51, 78.8
720, 910.12, 19.66, 47.6, 5.66, 83.7
740, 908.02, 19.40, 48.2, 5.61, 87.1
760, 905.92, 19.15, 48.8, 5.15, 90.5
780, 903.82, 19.00, 49.2, 4.50, 88.0
800, 901.73, 18.87, 49.6, 4.06, 87.3
820, 899.64, 18.74, 49.9, 4.25, 60.4
840, 897.55, 18.58, 50.1, 4.62, 31.8
860, 895.47, 18.49, 50.2, 5.16, 37.1
880, 893.39, 18.41, 50.3, 5.17, 43.9
900, 891.32, 18.29, 50.8, 5.46, 52.4
920, 889.25, 18.16, 51.3, 5.64, 61.0
940, 887.19, 18.08, 51.5, 5.76, 57.7
960, 885.13, 17.98, 51.8, 5.55, 52.3
980, 883.07, 17.87, 52.0, 5.27, 49.0
1000, 881.02, 17.75, 52.2, 5.11, 48.7
1020, 878.97, 17.59, 52.5, 4.91, 50.4
1040, 876.92, 17.44, 52.7, 4.65, 54.5
1060, 874.88, 17.19, 53.0, 3.79, 56.9
1080, 872.84, 16.94, 53.3, 3.01, 57.0
1100, 870.80, 16.77, 53.6, 3.06, 46.7
1120, 868.77, 16.49, 54.2, 3.59, 47.8
1140, 866.74, 16.22, 54.5, 4.01, 74.6
1160, 864.71, 15.96, 54.7, 4.33, 88.5
1180, 862.69, 15.69, 55.2, 4.32, 82.4
1200, 860.67, 15.46, 55.6, 4.44, 72.5
1220, 858.65, 15.27, 55.9, 4.57, 69.0
1240, 856.64, 15.04, 56.3, 4.82, 69.8
1260, 854.62, 14.79, 56.8, 4.83, 68.3
1280, 852.61, 14.57, 57.5, 4.99, 55.7
1300, 850.61, 14.42, 58.1, 5.10, 43.5
1320, 848.61, 14.24, 58.7, 5.07, 44.7
1340, 846.61, 14.02, 59.4, 4.93, 61.1
1360, 844.61, 13.83, 59.9, 4.66, 70.9
1380, 842.62, 13.67, 60.3, 4.43, 85.9
1400, 840.63, 13.43, 60.9, 4.41, 87.8
1420, 838.65, 13.22, 61.4, 4.28, 79.1
1440, 836.67, 13.08, 61.8, 3.99, 60.6
1460, 834.69, 12.87, 62.5, 4.30, 58.7
1480, 832.71, 12.65, 63.2, 4.60, 56.7
1500, 830.74, 12.51, 63.7, 5.28, 66.7
1520, 828.77, 12.40, 64.1, 5.06, 75.4
1540, 826.81, 12.20, 64.7, 5.00, 76.7
1560, 824.85, 11.99, 65.3, 4.98, 77.4
1580, 822.89, 11.79, 65.8, 4.95, 78.0
1600, 820.94, 11.58, 66.4, 4.92, 78.7
1620, 818.99, 11.44, 66.9, 4.48, 83.6
1640, 817.04, 11.30, 67.4, 4.05, 81.6
1660, 815.09, 11.15, 67.9, 3.68, 78.7
1680, 813.15, 10.97, 68.6, 3.14, 88.5
1700, 811.22, 10.72, 69.7, 2.99, 104.9
1720, 809.28, 10.51, 70.6, 2.97, 119.3
1740, 807.35, 10.43, 71.0, 3.23, 109.5
1760, 805.42, 10.23, 71.6, 3.26, 97.5
1780, 803.50, 10.01, 72.3, 3.23, 90.6
1800, 801.58, 9.79, 72.9, 3.16, 83.8
1820, 799.66, 9.58, 73.5, 3.12, 76.9
1840, 797.75, 9.36, 74.2, 3.07, 70.0
1860, 795.84, 9.15, 74.5, 2.91, 67.0
1880, 793.93, 8.97, 74.1, 2.67, 62.8
1900, 792.03, 8.75, 74.0, 2.51, 46.5
1920, 790.12, 8.67, 74.2, 2.35, 25.6
1940, 788.23, 8.39, 75.5, 2.25, 13.8
1960, 786.33, 8.16, 76.8, 2.16, 11.2
1980, 784.44, 8.02, 77.7, 1.84, 22.0
2000, 782.55, 7.84, 78.6, 1.62, 19.4
2020, 780.67, 7.65, 79.4, 1.31, 341.4
2040, 778.78, 7.42, 80.2, 1.27, 319.5
2060, 776.90, 7.19, 80.9, 1.33, 35.5
2080, 775.03, 7.04, 81.4, 1.55, 107.1
2100, 773.16, 6.89, 82.2, 1.36, 67.9
2120, 771.29, 6.60, 83.7, 1.06, 339.8
2140, 769.42, 6.47, 84.4, 0.71, 10.3
2160, 767.56, 6.32, 85.2, 0.43, 100.8
2180, 765.70, 6.16, 86.0, 0.25, 100.5
2200, 763.85, 6.03, 86.6, 0.10, 97.2
2220, 761.99, 5.85, 87.2, 0.22, 109.0
2240, 760.14, 5.59, 87.7, 0.58, 163.7
2260, 758.30, 5.33, 88.3, 0.94, 218.4
2280, 756.46, 5.13, 88.7, 0.74, 222.7
2300, 754.62, 4.98, 89.0, 0.50, 195.3
2320, 752.78, 4.80, 89.6, 0.40, 130.2
2340, 750.95, 4.69, 90.2, 0.33, 103.1
2360, 749.12, 4.60, 91.3, 0.42, 168.8
2380, 747.29, 4.57, 92.3, 0.55, 256.9
2400, 745.47, 4.57, 92.8, 1.05, 284.1
2420, 743.66, 4.52, 93.6, 1.44, 295.9
2440, 741.84, 4.47, 93.9, 1.84, 273.4
2460, 740.04, 4.38, 94.2, 2.18, 254.6
2480, 738.23, 4.28, 94.6, 2.42, 246.4
2500, 736.43, 4.26, 94.7, 2.91, 262.7
2520, 734.63, 4.23, 94.9, 3.44, 275.3
2540, 732.84, 4.18, 95.0, 4.43, 289.2
2560, 731.05, 4.12, 95.1, 5.32, 296.5
2580, 729.27, 4.07, 95.1, 5.94, 298.7
2600, 727.49, 4.01, 95.0, 6.94, 303.1
2620, 725.71, 3.96, 94.9, 7.92, 310.5
2640, 723.94, 3.90, 94.8, 9.01, 318.6
2660, 722.17, 3.84, 94.7, 9.69, 318.0
2680, 720.40, 3.73, 94.5, 10.62, 311.2
2700, 718.64, 3.56, 94.1, 11.48, 305.2
2720, 716.88, 3.34, 93.7, 11.81, 306.8
2740, 715.13, 3.16, 93.4, 11.44, 306.6
2760, 713.38, 3.01, 93.1, 11.03, 307.2
2780, 711.63, 2.88, 92.9, 10.26, 308.4
2800, 709.88, 2.73, 92.8, 9.88, 310.5
2820, 708.14, 2.55, 92.7, 9.78, 311.9
2840, 706.40, 2.36, 92.7, 9.65, 313.3
2860, 704.66, 2.17, 92.6, 9.51, 314.7
2880, 702.93, 1.98, 92.6, 9.38, 316.1
2900, 701.20, 1.82, 92.5, 9.35, 317.3
2920, 699.48, 1.64, 92.5, 9.73, 310.0
2940, 697.75, 1.51, 92.4, 9.93, 303.7
2960, 696.03, 1.46, 92.6, 10.00, 310.9
2980, 694.32, 1.44, 93.0, 9.94, 316.8
3000, 692.61, 1.45, 93.4, 9.73, 316.2
3020, 690.90, 1.36, 93.7, 9.61, 319.1
3040, 689.19, 1.14, 93.7, 9.65, 323.3
3060, 687.49, 0.51, 92.7, 10.06, 324.7
3080, 685.78, -0.10, 91.6, 10.46, 324.6
3100, 684.08, -0.37, 91.2, 11.45, 323.0
3120, 682.38, -0.63, 91.0, 13.05, 319.0
3140, 680.69, -0.75, 91.9, 14.36, 304.4
3160, 678.99, -0.73, 92.4, 15.14, 298.5
3180, 677.30, -1.15, 95.8, 9.37, 300.5
3200, 675.61, -1.36, 97.2, 8.74, 299.6
3220, 673.93, -1.50, 97.8, 7.86, 298.1
3240, 672.25, -1.50, 95.7, 8.30, 301.0
3260, 670.57, -1.41, 90.4, 8.63, 304.4
3280, 668.90, -1.35, 82.8, 9.18, 307.4
3300, 667.23, -1.55, 83.0, 9.50, 306.6
3320, 665.56, -1.70, 83.2, 9.72, 305.8
3340, 663.90, -1.85, 83.6, 9.63, 308.2
3360, 662.24, -1.99, 84.0, 9.59, 311.4
3380, 660.58, -2.12, 84.5, 9.58, 313.4
3400, 658.93, -2.33, 85.0, 9.84, 310.9
3420, 657.28, -2.45, 85.5, 10.09, 309.1
3440, 655.64, -2.49, 85.8, 10.24, 308.5
3460, 653.99, -2.58, 86.2, 10.14, 307.7
3480, 652.36, -2.72, 86.8, 9.96, 307.1
3500, 650.72, -2.81, 87.1, 10.00, 308.3
3520, 649.09, -2.93, 87.5, 9.92, 313.3
3540, 647.46, -3.04, 87.7, 10.01, 315.8
3560, 645.83, -3.27, 87.6, 10.15, 314.1
3580, 644.21, -3.46, 87.1, 10.29, 310.3
3600, 642.60, -3.47, 86.5, 10.53, 308.0
3620, 640.98, -3.22, 82.2, 11.52, 303.8
3640, 639.38, -2.76, 74.3, 12.65, 300.2
3660, 637.78, -2.63, 70.0, 13.83, 298.0
3680, 636.18, -2.74, 68.5, 14.16, 296.3
3700, 634.58, -2.82, 66.0, 14.40, 294.5
3720, 632.99, -2.78, 64.2, 14.63, 294.0
